00000000001001011111110110
11111111100001101100010101
00000000000010101100010011
11111111111110000100101111
11111111101111011111011101
00000000000010111110011101
00000000000110010010000111
00000000010010001111001111
00000000000101000011001010
00000000000101010001100000
11111111110101100010000011
00000000000001100101011011
11111111111011111111001100
00000000000110011100011010
00000000011110011101011110
11111111110101000100101011
11111111101110111011011010
11111111110111101100011101
00000000010000100110001000
11111111111110101000111111
11111111101101001111000000
11111111110110100110101101
00000000000010111000001110
00000000000010101101111110
11111111100000111110101011
11111111101001000100100101
00000000000001011010011110
11111111111001101111001001
00000000000001100110110111
11111111110001010111001000
00000000000000111110111010
11111111110010000011110011
00000000000000011111001101
00000000010000001000000011
00000000000010000000101110
11111111101110000100001001
00000000000110100110111111
00000000001101101100100101
11111111110011010001011100
00000000000011001100011100
00000000001100111111001110
00000000000000001001000001
00000000010101100110101011
00000000010010101111011010
11111111110111110111110001
11111111110110101110100110
11111111111101110001000001
11111111101111010101100011
00000000001000001001001011
11111111111101000110000111
11111111110111100110110000
00000000000000011101100111
00000000111010110010100010
00000000000001110000000100
11111111101010101100111011
00000000001100101010111101
00000000000101111101100011
11111111111111100100011110
11111111110101100101111101
11111111111110110010101100
11111111111111101100110010
11111111111111001100111101
11111111110101101100000000
11111111110000100110010000
00000000011100011001000010
11111111110111000111010001
00000000000101000111001010
11111111111101011001100110
00000000001110010000110101
00000000010001111010011101
00000000000000100100100010
11111111111010001011110101
00000000011110101111111110
00000000000011000001011000
11111111111110100000111001
11111111110010011100011110
00000000010011111111011100
11111111100010010100101001
00000000000100110100110101
11111111100100101010001100
11111111111010011100011111
00000000001100110101001011
00000000010100010101000010
11111111111101111001111001
11111111111011101001011111
11111111110110101101101010
00000000000011111010011011
11111111111110101111010001
00000000000111111000000000
11111111110101010111011110
00000000000100110000010011
00000000010001000110111110
00000000000010111010111111
00000000000010000100110100
00000000010000000110111111
11111111011000010000110101
11111111110110011110101001
00000000011001010001111100
00000000011101010110111110
00000000010110010110101101
11111111110110110111111011
00000000001111000110001000
11111111101100101011101001
11111111110010011110100010
11111111111011001110000011
00000000100010110010101110
11111111111110100011000111
11111111111001001101100010
11111111101111000111010100
00000000001110001100110000
00000000010110100100000010
00000000010110100000111111
11111111101110010110110000
11111111111010110011100101
11111111110111000101100110
00000000000001001000000001
11111111110000100001110101
00000000100100000100101111
00000000001001011000001100
00000000001000010111010011
11111111111110001101000100
11111111111101111010011111
00000000100101001110011100
11111111101110001101111111
00000000010010000001010000
11111111011111101011111101
00000000000000111001111101
11111111110000100001110111
00000000010011111110110011
11111111111000111001101100
00000000100010100001100011
11111111110010111010000001
11111111101001001011011110
11111111011110110001101101
11111111100011100001000000
11111111101110101111110100
11111111101011000001000011
00000000000101000101111100
11111111110110100111000111
00000000001110011010100000
00000000011010110110001111
00000000001101001100100110
11111111111100000000111110
00000000010000011110110010
00000000000011011001110010
00000000001111100101111011
11111111100110110100110110
00000000011100011011000000
11111111111100000101111100
11111111110111100011111011
00000000001010000101000010
00000000000111101000010100
11111111111010001100011011
11111111111010001111001100
11111111111101011111100100
11111111111000011101101111
00000000000110011011110101
00000000110011011010010000
00000000001011100000101111
11111111110110010011110100
11111111101001001100110101
11111111111100101101000000
11111111101010010100000000
00000000001111010011100011
00000000000101010010000100
00000000011110111011001111
00000000000000101111001011
11111111111010001110001011
00000000000011010000001011
11111111111010110111010101
11111111111100001000011001
00000000001000100101000000
00000000001010111010000001
00000000000101111110001001
11111111101001111110110000
00000000001110010010011111
11111111111001111001111110
00000000010001000000100000
11111111110110101001100100
00000000010111100010100011
11111111101111111010110001
11111111101011011011010011
11111111111110100110100010
11111111111011010100110000
00000000001101001001111000
11111111111110000110011111
00000000000011000110001011
00000000000101001111010010
00000000010110001011000010
11111111111100111101110101
11111111101000011000100111
00000000000101010010111001
11111111110110100110111010
00000000100000011011111010
11111111111101000110100101
11111111111111000011010110
11111111101110100010000011
11111111110001100011010110
00000000011000100110101001
11111111110110110011000101
11111111111010100001011110
11111111110110000001100000
11111111110001100100111101
11111111110101111101110100
11111111111000110010000000
11111111110111101011001001
00000000000101110010001100
11111111111001101000110101
11111111111000110001111000
11111111111000111010011011
11111111111000011110010000
11111111110001101000110101
00000000001001001111110000
00000000001010001111101000
11111111110001001100111100
11111111111010101100101000
00000000001001000001010010
11111111110101111110111011
00000000000010110111011010
11111111111011111000111100
00000000000000001010010100
00000000001011000101111110
11111111101110110010000011
11111111110001011100011011
00000000000000011110010110
11111111111101100110100100
00000000011110100111000100
00000000010101000001010000
11111111110011100110000101
00000000001000001110101100
00000000000111001001011001
00000000011010000001100100
00000000000110110101011010
00000000000010001000110100
00000000001110000100110001
00000000000001011000101111
11111111111111011010100000
11111111110000001001111011
11111111101011101100100000
00000000001100000111111111
11111111111111100010110000
11111111111010111001111110
11111111111111000100010100
11111111100100001010100011
00000000010000111000011110
00000000010101010001010011
00000000011111011111111001
11111111110000110010100100
11111111110110111000111011
00000000011010001111010100
00000000001001110011111111
11111111111010000000000101
00000000001010101001010100
00000000010011110110111001
11111111101010101001110111
11111111111000011010100011
