01001000
01101101
00010101
01011010
10100100
10101100
10001010
00101010
00001110
00111101
01110101
00011001
00010000
10111100
11001001
01100011
00001100
10001001
01100011
10011110
11101011
11000001
01111010
10110100
11101010
11010010
11111100
11010001
10111000
11000110
11100100
00100100
10110001
00101101
10110001
01110011
01110100
10010011
10111101
10111100
10100000
10101111
01011011
11000011
11011101
10001010
00101000
10000010
01101100
11111110
11110001
01100111
00110001
00100001
01000011
01000011
01101001
10001001
11000101
01001011
01001000
00011101
10110011
01010110
01111111
11001100
00111100
11010010
10111111
00110010
00011101
10100011
00111011
01110011
00110110
10000101
11010111
10011011
11100101
10001001
00010110
11110010
01011011
10010000
11010011
11111001
01011110
11101011
11011110
01100011
11110011
10011101
11011011
10001100
10100010
01001011
01111011
11101110
10001010
00000100
00101001
00111111
00011001
11011110
01100111
11101101
01100101
11101100
10001101
11101001
00111010
10111011
11000011
11011101
11001001
01100001
00001000
01001110
10101010
00000000
