01100010
00110101
00000101
00000001
01111101
10110100
11100000
11111000
11110100
01010100
01001100
01101011
10110110
00100010
00000101
00001100
11101111
00011010
00100001
11101000
00000111
11011000
10110111
00111100
01000001
11111100
01001110
11001011
00001110
00100010
10000011
10101101
01010110
00110001
01100100
11011110
01011100
10111001
00001101
00111100
01110000
01100010
01111101
01100111
00011010
11101110
10001000
11010011
11000001
11100001
11010011
01111000
10011111
00111000
11101011
11111011
10011011
11111010
11011110
01011001
10010000
10100010
11011000
00101001
11110011
10010011
11010100
11111101
11100010
01000111
10101110
01110000
11110100
11001110
11100101
00010000
10001001
01101000
10000110
01100000
11000101
10001011
00011000
01010101
01101111
01010101
10001111
11001011
01001110
01001101
10111101
00110101
01101001
11000101
10100010
10010110
00101001
00011101
00001011
00000000
01001100
10110111
10011111
00111101
00100011
00111000
11110110
00001001
10010101
10111100
00101110
10000010
01101001
01010110
00110111
00001010
11001100
01110011
11000011
11100010
00100001
11011100
00000111
01011010
00000101
11100111
00010011
11001110
